<Inicio>
<Atividades	Periodo>
12	N
13	M
27	M
28	M
36	V
37	V
43	N
50	V
42	M
44	M
<Escolha Turistas>
12	13	44	42	37	28	27	43	36	50
<Custos das Atividades>
	0	12	13	27	28	36	37	43	50	42	44
0	INF	58	68	68	68	90	69	63	98	41	52
12	58	INF	60	60	60	45	60	85	41	63	23
13	68	60	INF	0	0	70	0	63	74	85	45
27	68	68	60	INF	0	70	0	63	74	85	45
28	68	68	0	0	INF	70	0	63	74	85	45
36	90	45	70	70	70	INF	42	69	25	30	12
37	69	60	0	0	0	42	INF	63	74	85	45
43	63	85	63	63	63	69	63	INF	40	63	50
50	98	41	74	74	74	25	74	40	INF	10	46
42	41	63	85	85	85	30	85	63	10	INF	52
44	52	23	45	45	45	12	45	50	46	52	INF
<Custo fixo>
200
<Fim>

